in,x,y,q,tc,tr,te,tl
7,-2.96,2.072,3.0,0.051000000000000004,8.021538777965679,8.021538777965679,20.0
8,-1.323,-7.807,3.0,0.051000000000000004,8.04103897051133,8.04103897051133,20.0
9,0.379,-3.869,3.0,0.051000000000000004,8.091416281328073,8.091416281328073,20.0
10,-9.858,17.724,3.0,0.051000000000000004,8.09372947333237,8.09372947333237,20.0
11,-0.57,-8.572,3.0,0.051000000000000004,8.094052759162356,8.094052759162356,20.0
12,-13.724,14.578,3.0,0.051000000000000004,8.098482651358518,8.098482651358518,20.0
13,-0.135,-2.864,3.0,0.051000000000000004,8.106070157951985,8.106070157951985,20.0
14,-15.914,13.038,3.0,0.051000000000000004,8.11743628474602,8.11743628474602,20.0
15,-11.296,12.59,3.0,0.051000000000000004,8.134705182827258,8.134705182827258,20.0
16,-3.384,0.038,3.0,0.051000000000000004,8.135014727807569,8.135014727807569,20.0
17,-18.051,10.154,3.0,0.051000000000000004,8.16206360250586,8.16206360250586,20.0
18,-16.266,13.984,3.0,0.051000000000000004,8.206520098999867,8.206520098999867,20.0
19,-2.961,1.131,3.0,0.051000000000000004,8.212316247325239,8.212316247325239,20.0
20,-10.95,-2.712,3.0,0.051000000000000004,8.220447215688477,8.220447215688477,20.0
21,3.213,-1.272,3.0,0.051000000000000004,8.228126677232257,8.228126677232257,20.0
22,-1.749,1.453,3.0,0.051000000000000004,8.231961225982404,8.231961225982404,20.0
23,0.473,4.743,3.0,0.051000000000000004,8.244239568834045,8.244239568834045,20.0
24,-1.748,1.354,3.0,0.051000000000000004,8.249989462427369,8.249989462427369,20.0
25,-7.42,-5.147,3.0,0.051000000000000004,8.25746558270583,8.25746558270583,20.0
26,-0.749,-5.17,3.0,0.051000000000000004,8.27342198265829,8.27342198265829,20.0
27,-10.957,10.498,3.0,0.051000000000000004,8.304897055143488,8.304897055143488,20.0
28,-8.361,15.575,3.0,0.051000000000000004,8.310307358373835,8.310307358373835,20.0
29,-1.432,-0.083,3.0,0.051000000000000004,8.345586169783246,8.345586169783246,20.0
30,-10.997,19.331,3.0,0.051000000000000004,8.346733302322313,8.346733302322313,20.0
31,-13.359,10.06,3.0,0.051000000000000004,8.347787656899598,8.347787656899598,20.0
32,-2.895,-1.83,3.0,0.051000000000000004,8.376766746660694,8.376766746660694,20.0
33,-1.145,0.422,3.0,0.051000000000000004,8.388927742139655,8.388927742139655,20.0
34,-11.527,18.059,3.0,0.051000000000000004,8.409844101578036,8.409844101578036,20.0
35,-1.417,-17.847,3.0,0.051000000000000004,8.409979643690365,8.409979643690365,20.0
36,-2.928,-4.474,3.0,0.051000000000000004,8.46423778965479,8.46423778965479,20.0
37,-3.995,-0.907,3.0,0.051000000000000004,8.465690017156696,8.465690017156696,20.0
38,-3.23,1.257,3.0,0.051000000000000004,8.470311711678674,8.470311711678674,20.0
39,-0.292,-17.158,3.0,0.051000000000000004,8.492739679673946,8.492739679673946,20.0
40,-15.285,10.478,3.0,0.051000000000000004,8.493669486807384,8.493669486807384,20.0
41,-16.703,11.462,3.0,0.051000000000000004,8.527206034427982,8.527206034427982,20.0
42,-2.191,-8.81,3.0,0.051000000000000004,8.533887764169107,8.533887764169107,20.0
43,-2.071,-5.32,3.0,0.051000000000000004,8.561722280229176,8.561722280229176,20.0
44,-19.334,13.528,3.0,0.051000000000000004,8.561782037105058,8.561782037105058,20.0
45,-7.264,8.989,3.0,0.051000000000000004,8.575656247666412,8.575656247666412,20.0
46,-12.219,9.608,3.0,0.051000000000000004,8.605693858099833,8.605693858099833,20.0
47,-16.586,-0.049,3.0,0.051000000000000004,8.608451388205484,8.608451388205484,20.0
48,-14.785,-0.841,3.0,0.051000000000000004,8.6321514145621,8.6321514145621,20.0
49,-3.592,-5.949,3.0,0.051000000000000004,8.632374157267366,8.632374157267366,20.0
50,-14.026,8.018,3.0,0.051000000000000004,8.659637639342671,8.659637639342671,20.0
51,-16.164,15.393,3.0,0.051000000000000004,8.671813558723287,8.671813558723287,20.0
52,-23.062,10.674,3.0,0.051000000000000004,8.688735958669874,8.688735958669874,20.0
53,-2.777,-22.111,3.0,0.051000000000000004,8.691600615060953,8.691600615060953,20.0
54,-10.972,18.735,3.0,0.051000000000000004,8.708034304281684,8.708034304281684,20.0
55,-9.491,12.98,3.0,0.051000000000000004,8.713078128941408,8.713078128941408,20.0
56,-11.142,16.899,3.0,0.051000000000000004,8.762121513652405,8.762121513652405,20.0
57,-1.081,0.654,3.0,0.051000000000000004,8.768451025593718,8.768451025593718,20.0
58,-20.656,11.674,3.0,0.051000000000000004,8.775602077335801,8.775602077335801,20.0
59,-20.365,9.062,3.0,0.051000000000000004,8.776763887282918,8.776763887282918,20.0
60,-7.63,11.95,3.0,0.051000000000000004,8.786617612200239,8.786617612200239,20.0
61,-0.192,-5.793,3.0,0.051000000000000004,8.79910646471109,8.79910646471109,20.0
62,-1.607,-6.064,3.0,0.051000000000000004,8.807848004820794,8.807848004820794,20.0
63,-3.525,2.033,3.0,0.051000000000000004,8.809000743622084,8.809000743622084,20.0
64,-19.097,10.403,3.0,0.051000000000000004,8.83062200434027,8.83062200434027,20.0
65,-10.487,10.676,3.0,0.051000000000000004,8.830839765376027,8.830839765376027,20.0
66,-11.847,9.028,3.0,0.051000000000000004,8.842519287511166,8.842519287511166,20.0
67,2.004,2.809,3.0,0.051000000000000004,8.844730511540128,8.844730511540128,20.0
68,-22.564,9.714,3.0,0.051000000000000004,8.855939919847986,8.855939919847986,20.0
69,-6.768,11.275,3.0,0.051000000000000004,8.894542286282508,8.894542286282508,20.0
70,0.144,-1.842,3.0,0.051000000000000004,8.899880037355269,8.899880037355269,20.0
71,-6.805,7.479,3.0,0.051000000000000004,8.908012183769946,8.908012183769946,20.0
72,2.373,-0.5,3.0,0.051000000000000004,8.938855427170605,8.938855427170605,20.0
73,-14.615,11.839,3.0,0.051000000000000004,8.95550049478389,8.95550049478389,20.0
74,-0.515,-3.082,3.0,0.051000000000000004,8.970282803361378,8.970282803361378,20.0
75,-9.831,-0.246,3.0,0.051000000000000004,8.984537709918534,8.984537709918534,20.0
76,-8.975,8.685,3.0,0.051000000000000004,8.988037403994953,8.988037403994953,20.0
77,-8.906,15.645,3.0,0.051000000000000004,8.991885870796892,8.991885870796892,20.0
78,-2.527,-22.09,3.0,0.051000000000000004,9.000135282882809,9.000135282882809,20.0
79,-10.907,12.444,3.0,0.051000000000000004,9.01619641350108,9.01619641350108,20.0
80,-8.524,7.884,3.0,0.051000000000000004,9.020030839844628,9.020030839844628,20.0
81,-2.628,0.454,3.0,0.051000000000000004,9.02170204992663,9.02170204992663,20.0
82,-1.898,-2.695,3.0,0.051000000000000004,9.021811957625683,9.021811957625683,20.0
83,-14.453,12.364,3.0,0.051000000000000004,9.026090100383827,9.026090100383827,20.0
84,-14.77,14.167,3.0,0.051000000000000004,9.036453557601753,9.036453557601753,20.0
85,-11.942,9.23,3.0,0.051000000000000004,9.036616812431447,9.036616812431447,20.0
86,-2.761,3.398,3.0,0.051000000000000004,9.055182651569238,9.055182651569238,20.0
87,-20.445,8.962,3.0,0.051000000000000004,9.07220633878524,9.07220633878524,20.0
88,-10.985,11.932,3.0,0.051000000000000004,9.084890352074085,9.084890352074085,20.0
89,-3.691,-4.824,3.0,0.051000000000000004,9.09144188063471,9.09144188063471,20.0
90,-0.6,-5.352,3.0,0.051000000000000004,9.095832206694865,9.095832206694865,20.0
91,-5.036,-0.333,3.0,0.051000000000000004,9.102789333428154,9.102789333428154,20.0
92,4.121,4.417,3.0,0.051000000000000004,9.113454338325372,9.113454338325372,20.0
93,-8.788,-3.679,3.0,0.051000000000000004,9.118397464043486,9.118397464043486,20.0
94,-15.349,-0.504,3.0,0.051000000000000004,9.124151885265157,9.124151885265157,20.0
95,-1.311,-1.878,3.0,0.051000000000000004,9.13051794117846,9.13051794117846,20.0
96,-15.087,9.996,3.0,0.051000000000000004,9.133415431596907,9.133415431596907,20.0
97,-13.557,12.533,3.0,0.051000000000000004,9.135970107873879,9.135970107873879,20.0
98,-0.682,-17.802,3.0,0.051000000000000004,9.138617165997932,9.138617165997932,20.0
99,3.181,4.83,3.0,0.051000000000000004,9.159485415697299,9.159485415697299,20.0
100,-1.188,-7.154,3.0,0.051000000000000004,9.16882018210538,9.16882018210538,20.0
101,-8.899,7.489,3.0,0.051000000000000004,9.17593357507218,9.17593357507218,20.0
102,-22.378,8.469,3.0,0.051000000000000004,9.179239769813538,9.179239769813538,20.0
103,-4.035,0.235,3.0,0.051000000000000004,9.182831528577877,9.182831528577877,20.0
104,-9.212,14.547,3.0,0.051000000000000004,9.212861814915799,9.212861814915799,20.0
105,-9.214,8.268,3.0,0.051000000000000004,9.217747604750132,9.217747604750132,20.0
106,-11.148,13.349,3.0,0.051000000000000004,9.220127326841464,9.220127326841464,20.0
107,-20.87,12.081,3.0,0.051000000000000004,9.24353948796474,9.24353948796474,20.0
108,-20.626,10.598,3.0,0.051000000000000004,9.285437138673753,9.285437138673753,20.0
109,-3.31,-6.29,3.0,0.051000000000000004,9.288043496994192,9.288043496994192,20.0
110,-1.209,-17.487,3.0,0.051000000000000004,9.29182947848078,9.29182947848078,20.0
111,-9.055,11.446,3.0,0.051000000000000004,9.320552953590285,9.320552953590285,20.0
112,-19.015,14.042,3.0,0.051000000000000004,9.332929606719317,9.332929606719317,20.0
113,-3.058,0.338,3.0,0.051000000000000004,9.364959412117942,9.364959412117942,20.0
114,-11.596,17.258,3.0,0.051000000000000004,9.391156399417182,9.391156399417182,20.0
115,-3.973,-2.002,3.0,0.051000000000000004,9.391477247112645,9.391477247112645,20.0
116,-6.867,10.994,3.0,0.051000000000000004,9.406538221072573,9.406538221072573,20.0
117,-10.697,10.637,3.0,0.051000000000000004,9.424198359797167,9.424198359797167,20.0
118,-0.538,-18.522,3.0,0.051000000000000004,9.44829593757898,9.44829593757898,20.0
119,-9.081,14.62,3.0,0.051000000000000004,9.453970359607833,9.453970359607833,20.0
120,-12.203,12.928,3.0,0.051000000000000004,9.466909427731888,9.466909427731888,20.0
121,-15.966,13.106,3.0,0.051000000000000004,9.474214868391517,9.474214868391517,20.0
122,0.574,-2.043,3.0,0.051000000000000004,9.495881821927375,9.495881821927375,20.0
123,-12.1,12.03,3.0,0.051000000000000004,9.510877997746384,9.510877997746384,20.0
124,-14.11,12.902,3.0,0.051000000000000004,9.525466488228608,9.525466488228608,20.0
125,-3.148,-3.926,3.0,0.051000000000000004,9.526660430110171,9.526660430110171,20.0
126,-0.516,-3.343,3.0,0.051000000000000004,9.528641003219407,9.528641003219407,20.0
127,-16.093,9.431,3.0,0.051000000000000004,9.531174167517298,9.531174167517298,20.0
128,-0.946,-6.042,3.0,0.051000000000000004,9.533089180746607,9.533089180746607,20.0
129,-1.802,-5.384,3.0,0.051000000000000004,9.544232880522973,9.544232880522973,20.0
130,-12.588,15.642,3.0,0.051000000000000004,9.57606108256075,9.57606108256075,20.0
131,-13.371,6.86,3.0,0.051000000000000004,9.586811919484422,9.586811919484422,20.0
132,-13.414,13.66,3.0,0.051000000000000004,9.59695642388198,9.59695642388198,20.0
133,3.272,4.259,3.0,0.051000000000000004,9.599494962680243,9.599494962680243,20.0
134,-21.375,7.29,3.0,0.051000000000000004,9.601080399324461,9.601080399324461,20.0
135,-10.316,9.688,3.0,0.051000000000000004,9.60485067568145,9.60485067568145,20.0
136,-12.313,12.79,3.0,0.051000000000000004,9.61345787421939,9.61345787421939,20.0
137,-0.326,3.3,3.0,0.051000000000000004,9.635809005967921,9.635809005967921,20.0
138,-12.307,12.679,3.0,0.051000000000000004,9.63784116794601,9.63784116794601,20.0
139,-10.423,10.171,3.0,0.051000000000000004,9.655777861909046,9.655777861909046,20.0
140,-0.503,-18.986,3.0,0.051000000000000004,9.66459820821792,9.66459820821792,20.0
141,-1.963,-17.715,3.0,0.051000000000000004,9.66838891821849,9.66838891821849,20.0
142,-17.701,13.228,3.0,0.051000000000000004,9.684560916771531,9.684560916771531,20.0
143,1.208,-8.224,3.0,0.051000000000000004,9.728272918169484,9.728272918169484,20.0
144,-8.405,-1.059,3.0,0.051000000000000004,9.762987639334353,9.762987639334353,20.0
145,-0.757,-7.26,3.0,0.051000000000000004,9.76647733740558,9.76647733740558,20.0
146,0.718,-6.734,3.0,0.051000000000000004,9.77194251101274,9.77194251101274,20.0
147,-10.801,-3.285,3.0,0.051000000000000004,9.800703197522523,9.800703197522523,20.0
148,-9.924,-1.263,3.0,0.051000000000000004,9.806677642597796,9.806677642597796,20.0
149,-19.945,12.06,3.0,0.051000000000000004,9.816440319570507,9.816440319570507,20.0
150,-2.33,-6.001,3.0,0.051000000000000004,9.820461184874345,9.820461184874345,20.0
151,-1.366,-2.81,3.0,0.051000000000000004,9.8407095153583,9.8407095153583,20.0
152,-17.218,10.963,3.0,0.051000000000000004,9.844340631690216,9.844340631690216,20.0
153,-1.551,-3.82,3.0,0.051000000000000004,9.845265444279105,9.845265444279105,20.0
154,3.188,0.165,3.0,0.051000000000000004,9.867879404816193,9.867879404816193,20.0
155,-3.559,-2.106,3.0,0.051000000000000004,9.87694457058057,9.87694457058057,20.0
156,-15.496,8.827,3.0,0.051000000000000004,9.892307875879814,9.892307875879814,20.0
157,-7.724,10.943,3.0,0.051000000000000004,9.903969203017422,9.903969203017422,20.0
158,-4.49,0.0,3.0,0.051000000000000004,9.914792733886456,9.914792733886456,20.0
159,-3.41,-20.964,3.0,0.051000000000000004,9.94948573408249,9.94948573408249,20.0
160,-14.889,13.492,3.0,0.051000000000000004,9.950261606167857,9.950261606167857,20.0
161,4.024,1.287,3.0,0.051000000000000004,9.951219555773777,9.951219555773777,20.0
162,-2.882,-3.194,3.0,0.051000000000000004,9.961452959456016,9.961452959456016,20.0
163,-0.209,-5.67,3.0,0.051000000000000004,9.96870119008761,9.96870119008761,20.0
164,-13.372,0.804,3.0,0.051000000000000004,9.988860570372252,9.988860570372252,20.0
165,-14.833,11.24,3.0,0.051000000000000004,9.98894452517766,9.98894452517766,20.0
166,-4.311,-3.444,3.0,0.051000000000000004,9.990809687091083,9.990809687091083,20.0
167,-6.174,11.944,3.0,0.051000000000000004,9.993988178456789,9.993988178456789,20.0
168,-2.997,-3.57,3.0,0.051000000000000004,10.00443665505718,10.00443665505718,20.0
169,3.065,2.274,3.0,0.051000000000000004,10.012816920425424,10.012816920425424,20.0
170,-3.277,-1.045,3.0,0.051000000000000004,10.046056273404675,10.046056273404675,20.0
171,-16.639,10.895,3.0,0.051000000000000004,10.049617192765096,10.049617192765096,20.0
172,1.546,5.816,3.0,0.051000000000000004,10.053725603258568,10.053725603258568,20.0
173,-10.334,13.453,3.0,0.051000000000000004,10.063900039153006,10.063900039153006,20.0
174,1.221,-7.843,3.0,0.051000000000000004,10.07396474745494,10.07396474745494,20.0
175,-19.789,8.868,3.0,0.051000000000000004,10.096147896214067,10.096147896214067,20.0
176,-4.64,1.136,3.0,0.051000000000000004,10.10103747123043,10.10103747123043,20.0
177,3.085,-0.29,3.0,0.051000000000000004,10.120348243894743,10.120348243894743,20.0
178,-0.404,-2.209,3.0,0.051000000000000004,10.15706897727673,10.15706897727673,20.0
179,2.798,-0.176,3.0,0.051000000000000004,10.181496567928779,10.181496567928779,20.0
180,-4.74,-3.647,3.0,0.051000000000000004,10.209064453885489,10.209064453885489,20.0
181,-7.196,8.193,3.0,0.051000000000000004,10.215921751308123,10.215921751308123,20.0
182,-2.672,-16.959,3.0,0.051000000000000004,10.259880972381342,10.259880972381342,20.0
183,1.799,0.665,3.0,0.051000000000000004,10.262926793922771,10.262926793922771,20.0
184,-19.062,9.875,3.0,0.051000000000000004,10.299132550655774,10.299132550655774,20.0
185,-17.284,7.585,3.0,0.051000000000000004,10.30820711223808,10.30820711223808,20.0
186,-19.196,12.653,3.0,0.051000000000000004,10.317622406602883,10.317622406602883,20.0
187,-12.673,14.806,3.0,0.051000000000000004,10.319661665415916,10.319661665415916,20.0
188,2.315,2.146,3.0,0.051000000000000004,10.321353223676004,10.321353223676004,20.0
189,-10.334,0.551,3.0,0.051000000000000004,10.329108447680758,10.329108447680758,20.0
190,-2.13,2.621,3.0,0.051000000000000004,10.330325911682234,10.330325911682234,20.0
191,-3.055,3.056,3.0,0.051000000000000004,10.362374176220694,10.362374176220694,20.0
192,1.514,3.055,3.0,0.051000000000000004,10.363174790971499,10.363174790971499,20.0
193,-0.818,0.264,3.0,0.051000000000000004,10.381876524579226,10.381876524579226,20.0
194,-1.812,-8.31,3.0,0.051000000000000004,10.417081378831067,10.417081378831067,20.0
195,-19.409,14.328,3.0,0.051000000000000004,10.429885767220718,10.429885767220718,20.0
196,-20.717,14.146,3.0,0.051000000000000004,10.447158351547735,10.447158351547735,20.0
197,-8.735,5.724,3.0,0.051000000000000004,10.496459510591672,10.496459510591672,20.0
198,-3.052,15.006,3.0,0.051000000000000004,10.50733513754172,10.50733513754172,20.0
199,-1.341,-5.753,3.0,0.051000000000000004,10.509711024319397,10.509711024319397,20.0
200,-12.784,7.78,3.0,0.051000000000000004,10.522265156496633,10.522265156496633,20.0
201,3.136,1.476,3.0,0.051000000000000004,10.524704808095713,10.524704808095713,20.0
202,-3.063,0.094,3.0,0.051000000000000004,10.570094296654053,10.570094296654053,20.0
203,-5.004,-1.354,3.0,0.051000000000000004,10.57019252094593,10.57019252094593,20.0
204,-0.578,-2.822,3.0,0.051000000000000004,10.570610680567697,10.570610680567697,20.0
205,-1.041,-4.24,3.0,0.051000000000000004,10.571833256816056,10.571833256816056,20.0
206,-1.122,-18.469,3.0,0.051000000000000004,10.59285081540489,10.59285081540489,20.0
207,-3.183,-0.222,3.0,0.051000000000000004,10.597329335499595,10.597329335499595,20.0
208,-2.669,-1.113,3.0,0.051000000000000004,10.60682246144223,10.60682246144223,20.0
209,-3.441,0.682,3.0,0.051000000000000004,10.616708688429611,10.616708688429611,20.0
210,-8.985,19.326,3.0,0.051000000000000004,10.620271237169717,10.620271237169717,20.0
211,1.359,-0.019,3.0,0.051000000000000004,10.639794743719495,10.639794743719495,20.0
212,-7.257,-1.143,3.0,0.051000000000000004,10.644072312144885,10.644072312144885,20.0
213,-1.208,-6.375,3.0,0.051000000000000004,10.649286431866539,10.649286431866539,20.0
214,-1.821,-3.119,3.0,0.051000000000000004,10.662305803054902,10.662305803054902,20.0
215,-7.965,7.551,3.0,0.051000000000000004,10.697849418102777,10.697849418102777,20.0
216,-3.235,2.711,3.0,0.051000000000000004,10.69997967497812,10.69997967497812,20.0
217,-20.61,7.622,3.0,0.051000000000000004,10.75247299451045,10.75247299451045,20.0
218,-7.684,6.495,3.0,0.051000000000000004,10.760622321994477,10.760622321994477,20.0
219,-9.228,-3.794,3.0,0.051000000000000004,10.80073889850428,10.80073889850428,20.0
220,-15.564,14.106,3.0,0.051000000000000004,10.809954734264998,10.809954734264998,20.0
221,-16.285,9.354,3.0,0.051000000000000004,10.829228725464683,10.829228725464683,20.0
222,-2.667,-1.054,3.0,0.051000000000000004,10.835074061339013,10.835074061339013,20.0
223,0.86,-7.495,3.0,0.051000000000000004,10.837535338257856,10.837535338257856,20.0
224,0.379,-6.748,3.0,0.051000000000000004,10.838227289942576,10.838227289942576,20.0
225,-11.353,12.803,3.0,0.051000000000000004,10.84934255297653,10.84934255297653,20.0
226,-1.424,-4.742,3.0,0.051000000000000004,10.886009517242105,10.886009517242105,20.0
227,-10.001,15.069,3.0,0.051000000000000004,10.90373142801086,10.90373142801086,20.0
228,-10.056,-2.044,3.0,0.051000000000000004,10.927057460189369,10.927057460189369,20.0
229,-0.317,-6.054,3.0,0.051000000000000004,10.929524666979512,10.929524666979512,20.0
230,-22.954,8.664,3.0,0.051000000000000004,10.937549587910757,10.937549587910757,20.0
231,-16.939,13.422,3.0,0.051000000000000004,10.938792176077381,10.938792176077381,20.0
232,-5.642,5.74,3.0,0.051000000000000004,10.948936616707218,10.948936616707218,20.0
233,-10.05,-3.98,3.0,0.051000000000000004,10.952957003622092,10.952957003622092,20.0
234,-0.258,1.396,3.0,0.051000000000000004,10.959446261943793,10.959446261943793,20.0
235,-9.504,-5.394,3.0,0.051000000000000004,10.965767415892568,10.965767415892568,20.0
236,-8.176,7.074,3.0,0.051000000000000004,10.994271942733587,10.994271942733587,20.0
237,-17.745,11.127,3.0,0.051000000000000004,10.996861081304008,10.996861081304008,20.0
238,-19.092,15.688,3.0,0.051000000000000004,11.009824145669302,11.009824145669302,20.0
239,-21.57,10.222,3.0,0.051000000000000004,11.019325944686507,11.019325944686507,20.0
240,-5.431,1.756,3.0,0.051000000000000004,11.064199106231285,11.064199106231285,20.0
241,2.861,6.486,3.0,0.051000000000000004,11.068286476656624,11.068286476656624,20.0
242,-10.102,-3.28,3.0,0.051000000000000004,11.069484651000511,11.069484651000511,20.0
243,2.68,-1.656,3.0,0.051000000000000004,11.084682305368215,11.084682305368215,20.0
244,-18.632,11.683,3.0,0.051000000000000004,11.094696684291943,11.094696684291943,20.0
245,-12.504,11.643,3.0,0.051000000000000004,11.113703546953577,11.113703546953577,20.0
246,-9.45,8.388,3.0,0.051000000000000004,11.117235929746172,11.117235929746172,20.0
247,-1.273,0.437,3.0,0.051000000000000004,11.121318215556766,11.121318215556766,20.0
248,-2.791,-15.144,3.0,0.051000000000000004,11.173224454233278,11.173224454233278,20.0
249,-4.004,13.053,3.0,0.051000000000000004,11.179587198820519,11.179587198820519,20.0
250,-6.347,10.645,3.0,0.051000000000000004,11.19114824574988,11.19114824574988,20.0
251,-17.059,12.149,3.0,0.051000000000000004,11.207268198868636,11.207268198868636,20.0
252,0.205,-3.132,3.0,0.051000000000000004,11.209193352141703,11.209193352141703,20.0
253,-9.162,15.815,3.0,0.051000000000000004,11.211605232361427,11.211605232361427,20.0
254,-10.86,15.393,3.0,0.051000000000000004,11.217528898452581,11.217528898452581,20.0
255,0.092,-2.136,3.0,0.051000000000000004,11.227669920439707,11.227669920439707,20.0
256,-3.13,-15.982,3.0,0.051000000000000004,11.259854455345199,11.259854455345199,20.0
257,-1.665,-4.242,3.0,0.051000000000000004,11.276984787335092,11.276984787335092,20.0
258,-19.226,14.629,3.0,0.051000000000000004,11.314099255431245,11.314099255431245,20.0
259,-12.753,9.758,3.0,0.051000000000000004,11.352468744285673,11.352468744285673,20.0
260,-2.185,-0.561,3.0,0.051000000000000004,11.35369114941568,11.35369114941568,20.0
261,3.079,-0.871,3.0,0.051000000000000004,11.354450386294253,11.354450386294253,20.0
262,-1.834,14.525,3.0,0.051000000000000004,11.35620734958206,11.35620734958206,20.0
263,-5.688,-2.394,3.0,0.051000000000000004,11.369836991341117,11.369836991341117,20.0
264,-7.828,10.275,3.0,0.051000000000000004,11.375233287666914,11.375233287666914,20.0
265,-2.642,2.897,3.0,0.051000000000000004,11.376872867541252,11.376872867541252,20.0
266,3.05,-2.281,3.0,0.051000000000000004,11.386123514596383,11.386123514596383,20.0
267,-11.436,8.13,3.0,0.051000000000000004,11.39918737089421,11.39918737089421,20.0
268,-18.969,11.231,3.0,0.051000000000000004,11.400528921885815,11.400528921885815,20.0
269,-18.645,11.203,3.0,0.051000000000000004,11.40800242496097,11.40800242496097,20.0
270,-16.676,7.752,3.0,0.051000000000000004,11.418637232706828,11.418637232706828,20.0
271,-12.873,10.071,3.0,0.051000000000000004,11.436211526033125,11.436211526033125,20.0
272,-6.025,-1.2,3.0,0.051000000000000004,11.45242331843105,11.45242331843105,20.0
273,-2.218,-4.484,3.0,0.051000000000000004,11.45972004860209,11.45972004860209,20.0
274,-2.988,3.483,3.0,0.051000000000000004,11.47360480744365,11.47360480744365,20.0
275,3.007,-0.938,3.0,0.051000000000000004,11.480993515534406,11.480993515534406,20.0
276,-12.811,18.361,3.0,0.051000000000000004,11.48112097372459,11.48112097372459,20.0
277,3.673,5.495,3.0,0.051000000000000004,11.513060211312679,11.513060211312679,20.0
278,-17.849,12.231,3.0,0.051000000000000004,11.51495890258818,11.51495890258818,20.0
279,-19.666,6.848,3.0,0.051000000000000004,11.516844772460122,11.516844772460122,20.0
280,-0.029,-3.456,3.0,0.051000000000000004,11.533732136423236,11.533732136423236,20.0
281,-8.113,9.76,3.0,0.051000000000000004,11.540274980088183,11.540274980088183,20.0
282,-16.108,12.427,3.0,0.051000000000000004,11.558342322989667,11.558342322989667,20.0
283,-14.846,15.278,3.0,0.051000000000000004,11.562193275289054,11.562193275289054,20.0
284,-0.773,-4.49,3.0,0.051000000000000004,11.60122879525766,11.60122879525766,20.0
285,-10.51,14.027,3.0,0.051000000000000004,11.628711498281758,11.628711498281758,20.0
286,0.291,-7.986,3.0,0.051000000000000004,11.647086747845886,11.647086747845886,20.0
287,-11.568,5.546,3.0,0.051000000000000004,11.647726629780745,11.647726629780745,20.0
288,-6.435,9.788,3.0,0.051000000000000004,11.647751503421592,11.647751503421592,20.0
289,-1.897,-7.998,3.0,0.051000000000000004,11.652582958031182,11.652582958031182,20.0
290,-21.854,11.555,3.0,0.051000000000000004,11.653209285426389,11.653209285426389,20.0
291,-9.57,10.33,3.0,0.051000000000000004,11.673817996314558,11.673817996314558,20.0
292,-19.397,10.682,3.0,0.051000000000000004,11.737382812744723,11.737382812744723,20.0
293,-7.709,16.584,3.0,0.051000000000000004,11.737789532867877,11.737789532867877,20.0
294,-7.328,-0.319,3.0,0.051000000000000004,11.762247457634395,11.762247457634395,20.0
295,-19.737,10.195,3.0,0.051000000000000004,11.770450475579551,11.770450475579551,20.0
296,-2.523,3.362,3.0,0.051000000000000004,11.782726718394406,11.782726718394406,20.0
297,-18.457,10.677,3.0,0.051000000000000004,11.786257764961373,11.786257764961373,20.0
298,1.321,2.96,3.0,0.051000000000000004,11.837196131747856,11.837196131747856,20.0
299,-1.259,0.609,3.0,0.051000000000000004,11.848079924547317,11.848079924547317,20.0
300,-16.255,10.226,3.0,0.051000000000000004,11.853316504417679,11.853316504417679,20.0
301,3.089,0.713,3.0,0.051000000000000004,11.858392102889102,11.858392102889102,20.0
302,-1.733,-4.675,3.0,0.051000000000000004,11.877550463767975,11.877550463767975,20.0
303,1.337,-7.242,3.0,0.051000000000000004,11.88956733777355,11.88956733777355,20.0
304,3.422,-1.444,3.0,0.051000000000000004,11.909914962630292,11.909914962630292,20.0
305,-11.328,10.582,3.0,0.051000000000000004,11.939407542747132,11.939407542747132,20.0
306,-15.905,11.093,3.0,0.051000000000000004,11.981500092121658,11.981500092121658,20.0
307,-15.689,13.315,3.0,0.051000000000000004,12.007260864232999,12.007260864232999,20.0
308,-9.498,14.052,3.0,0.051000000000000004,12.019609661463456,12.019609661463456,20.0
309,-2.49,-2.446,3.0,0.051000000000000004,12.021857692977264,12.021857692977264,20.0
310,-3.164,-4.877,3.0,0.051000000000000004,12.025656923024686,12.025656923024686,20.0
311,2.252,1.489,3.0,0.051000000000000004,12.047702666045716,12.047702666045716,20.0
312,-17.256,-0.406,3.0,0.051000000000000004,12.06444255855707,12.06444255855707,20.0
313,-0.517,-1.505,3.0,0.051000000000000004,12.075159731068437,12.075159731068437,20.0
314,-15.541,13.463,3.0,0.051000000000000004,12.088020708288001,12.088020708288001,20.0
315,-11.961,16.89,3.0,0.051000000000000004,12.090001643983022,12.090001643983022,20.0
316,-1.886,2.717,3.0,0.051000000000000004,12.093795791811504,12.093795791811504,20.0
317,-3.028,2.505,3.0,0.051000000000000004,12.14454695728313,12.14454695728313,20.0
318,-15.468,14.054,3.0,0.051000000000000004,12.157063978178904,12.157063978178904,20.0
319,-1.31,-4.299,3.0,0.051000000000000004,12.210262224828927,12.210262224828927,20.0
320,-0.711,-6.41,3.0,0.051000000000000004,12.2189503523732,12.2189503523732,20.0
321,-2.751,-13.436,3.0,0.051000000000000004,12.251608656392326,12.251608656392326,20.0
322,-20.148,13.214,3.0,0.051000000000000004,12.25616874367214,12.25616874367214,20.0
323,-15.574,14.191,3.0,0.051000000000000004,12.258761529581054,12.258761529581054,20.0
324,-2.041,-1.628,3.0,0.051000000000000004,12.27240768700334,12.27240768700334,20.0
325,-16.429,11.696,3.0,0.051000000000000004,12.295544660294695,12.295544660294695,20.0
326,-9.284,10.19,3.0,0.051000000000000004,12.296338553002101,12.296338553002101,20.0
327,-12.563,-4.517,3.0,0.051000000000000004,12.298668732202618,12.298668732202618,20.0
328,-11.912,19.287,3.0,0.051000000000000004,12.348178524055614,12.348178524055614,20.0
329,5.03,2.712,3.0,0.051000000000000004,12.367715000690428,12.367715000690428,20.0
330,-2.336,-3.06,3.0,0.051000000000000004,12.384383889358212,12.384383889358212,20.0
331,-15.884,13.431,3.0,0.051000000000000004,12.388557044024017,12.388557044024017,20.0
332,-2.842,-0.561,3.0,0.051000000000000004,12.399740031006061,12.399740031006061,20.0
333,-11.145,-4.302,3.0,0.051000000000000004,12.41335515614836,12.41335515614836,20.0
334,2.969,4.182,3.0,0.051000000000000004,12.428539832853465,12.428539832853465,20.0
335,-1.145,-2.705,3.0,0.051000000000000004,12.429879032324049,12.429879032324049,20.0
336,3.201,6.211,3.0,0.051000000000000004,12.44970113261656,12.44970113261656,20.0
337,-8.682,13.62,3.0,0.051000000000000004,12.455339130719228,12.455339130719228,20.0
338,-2.805,1.338,3.0,0.051000000000000004,12.458421949618511,12.458421949618511,20.0
339,-17.739,9.061,3.0,0.051000000000000004,12.46101288809541,12.46101288809541,20.0
340,1.335,-7.789,3.0,0.051000000000000004,12.464685363570176,12.464685363570176,20.0
341,-6.589,11.479,3.0,0.051000000000000004,12.479066176110598,12.479066176110598,20.0
342,0.307,-7.5,3.0,0.051000000000000004,12.496338346880307,12.496338346880307,20.0
343,-12.93,4.313,3.0,0.051000000000000004,12.510275191869985,12.510275191869985,20.0
344,4.492,2.647,3.0,0.051000000000000004,12.5116071078819,12.5116071078819,20.0
345,-1.912,1.185,3.0,0.051000000000000004,12.51290788600007,12.51290788600007,20.0
346,-2.793,-5.321,3.0,0.051000000000000004,12.528115536236905,12.528115536236905,20.0
347,-0.788,1.145,3.0,0.051000000000000004,12.536227591904467,12.536227591904467,20.0
348,-10.789,-1.857,3.0,0.051000000000000004,12.536497809914602,12.536497809914602,20.0
349,-12.804,14.042,3.0,0.051000000000000004,12.585216066011135,12.585216066011135,20.0
350,-1.119,-3.889,3.0,0.051000000000000004,12.598909788530715,12.598909788530715,20.0
351,0.635,-2.974,3.0,0.051000000000000004,12.601948828810569,12.601948828810569,20.0
352,-1.99,-12.967,3.0,0.051000000000000004,12.609926311088728,12.609926311088728,20.0
353,-4.635,-1.454,3.0,0.051000000000000004,12.645678207170839,12.645678207170839,20.0
354,-0.277,-6.175,3.0,0.051000000000000004,12.682203341737535,12.682203341737535,20.0
355,-3.158,-1.515,3.0,0.051000000000000004,12.6998455531222,12.6998455531222,20.0
356,-14.685,10.687,3.0,0.051000000000000004,12.701855623293627,12.701855623293627,20.0
357,0.26,-17.793,3.0,0.051000000000000004,12.710114190582011,12.710114190582011,20.0
358,-0.582,0.879,3.0,0.051000000000000004,12.71203279604209,12.71203279604209,20.0
359,-4.665,-4.631,3.0,0.051000000000000004,12.720453027612692,12.720453027612692,20.0
360,-3.299,-0.363,3.0,0.051000000000000004,12.769261666639084,12.769261666639084,20.0
361,-14.305,15.549,3.0,0.051000000000000004,12.783340817541408,12.783340817541408,20.0
362,2.246,4.592,3.0,0.051000000000000004,12.79786974568006,12.79786974568006,20.0
363,-1.022,0.755,3.0,0.051000000000000004,12.810767848605877,12.810767848605877,20.0
364,-0.046,2.374,3.0,0.051000000000000004,12.817394512449972,12.817394512449972,20.0
365,-3.033,14.301,3.0,0.051000000000000004,12.82088080388657,12.82088080388657,20.0
366,-16.644,13.275,3.0,0.051000000000000004,12.823049220423565,12.823049220423565,20.0
367,-9.797,12.748,3.0,0.051000000000000004,12.861363707203129,12.861363707203129,20.0
368,-2.763,2.318,3.0,0.051000000000000004,12.88359617457688,12.88359617457688,20.0
369,-8.388,10.758,3.0,0.051000000000000004,12.88893664021909,12.88893664021909,20.0
370,-10.034,19.244,3.0,0.051000000000000004,12.889513808082302,12.889513808082302,20.0
371,-17.107,10.132,3.0,0.051000000000000004,12.896684337050518,12.896684337050518,20.0
372,-11.723,10.762,3.0,0.051000000000000004,12.909638718886129,12.909638718886129,20.0
373,-7.473,0.334,3.0,0.051000000000000004,12.922955707704055,12.922955707704055,20.0
374,3.646,2.409,3.0,0.051000000000000004,12.936414903233192,12.936414903233192,20.0
375,-11.741,-0.607,3.0,0.051000000000000004,12.962919391074458,12.962919391074458,20.0
376,-13.879,15.129,3.0,0.051000000000000004,12.96761186564121,12.96761186564121,20.0
377,-12.386,13.232,3.0,0.051000000000000004,12.97270465101051,12.97270465101051,20.0
378,-8.308,12.461,3.0,0.051000000000000004,13.025773767887518,13.025773767887518,20.0
379,1.225,3.931,3.0,0.051000000000000004,13.033431206547,13.033431206547,20.0
380,-2.185,-6.2,3.0,0.051000000000000004,13.033893396605077,13.033893396605077,20.0
381,-11.048,14.056,3.0,0.051000000000000004,13.048143954491941,13.048143954491941,20.0
382,3.424,-0.768,3.0,0.051000000000000004,13.06630840391686,13.06630840391686,20.0
383,-9.982,15.184,3.0,0.051000000000000004,13.09406618775542,13.09406618775542,20.0
384,-5.603,-1.742,3.0,0.051000000000000004,13.111676243473951,13.111676243473951,20.0
385,-9.55,-3.23,3.0,0.051000000000000004,13.17568286282447,13.17568286282447,20.0
386,-17.441,10.393,3.0,0.051000000000000004,13.19152989223734,13.19152989223734,20.0
387,-2.61,-3.643,3.0,0.051000000000000004,13.233892173855917,13.233892173855917,20.0
388,-8.643,-4.967,3.0,0.051000000000000004,13.250099649406135,13.250099649406135,20.0
389,-18.025,7.991,3.0,0.051000000000000004,13.274595654007653,13.274595654007653,20.0
390,-8.161,3.301,3.0,0.051000000000000004,13.28336025404426,13.28336025404426,20.0
391,3.474,4.872,3.0,0.051000000000000004,13.288344602119743,13.288344602119743,20.0
392,-12.557,17.208,3.0,0.051000000000000004,13.316721884490812,13.316721884490812,20.0
393,2.638,-0.753,3.0,0.051000000000000004,13.32141911375307,13.32141911375307,20.0
394,-4.348,-4.569,3.0,0.051000000000000004,13.333619507143817,13.333619507143817,20.0
395,-15.153,4.32,3.0,0.051000000000000004,13.36413833221703,13.36413833221703,20.0
396,0.599,5.272,3.0,0.051000000000000004,13.383804967524926,13.383804967524926,20.0
397,-21.135,10.737,3.0,0.051000000000000004,13.40233340951629,13.40233340951629,20.0
398,0.515,-7.289,3.0,0.051000000000000004,13.418091146702505,13.418091146702505,20.0
399,-1.577,13.905,3.0,0.051000000000000004,13.424472760019775,13.424472760019775,20.0
400,-1.968,2.369,3.0,0.051000000000000004,13.427787715604792,13.427787715604792,20.0
401,-1.076,-7.396,3.0,0.051000000000000004,13.447388574244322,13.447388574244322,20.0
402,-0.691,-7.641,3.0,0.051000000000000004,13.452434995056496,13.452434995056496,20.0
403,-11.158,9.517,3.0,0.051000000000000004,13.462603815025552,13.462603815025552,20.0
404,-12.175,13.279,3.0,0.051000000000000004,13.465877251822288,13.465877251822288,20.0
405,-8.061,0.492,3.0,0.051000000000000004,13.484604591272419,13.484604591272419,20.0
406,-8.274,8.603,3.0,0.051000000000000004,13.497924034208745,13.497924034208745,20.0
407,-1.856,-11.798,3.0,0.051000000000000004,13.519321094248497,13.519321094248497,20.0
408,-14.884,18.3,3.0,0.051000000000000004,13.524712762408281,13.524712762408281,20.0
409,-0.841,-4.078,3.0,0.051000000000000004,13.540424222444997,13.540424222444997,20.0
410,-9.393,-4.932,3.0,0.051000000000000004,13.546967385031756,13.546967385031756,20.0
411,2.227,-1.644,3.0,0.051000000000000004,13.552962008241868,13.552962008241868,20.0
412,-4.585,-0.179,3.0,0.051000000000000004,13.55338052055588,13.55338052055588,20.0
413,-1.134,1.19,3.0,0.051000000000000004,13.594423568553395,13.594423568553395,20.0
414,-2.936,-15.478,3.0,0.051000000000000004,13.677060506751381,13.677060506751381,20.0
415,-11.389,-0.211,3.0,0.051000000000000004,13.681263520354193,13.681263520354193,20.0
416,-16.008,8.629,3.0,0.051000000000000004,13.702439325159922,13.702439325159922,20.0
417,3.629,2.054,3.0,0.051000000000000004,13.719662285453552,13.719662285453552,20.0
418,-2.168,-4.733,3.0,0.051000000000000004,13.72369500230224,13.72369500230224,20.0
419,-0.607,3.835,3.0,0.051000000000000004,13.743562953050615,13.743562953050615,20.0
420,-9.239,4.918,3.0,0.051000000000000004,13.76253250668851,13.76253250668851,20.0
421,-1.351,-8.373,3.0,0.051000000000000004,13.765765345770717,13.765765345770717,20.0
422,-9.092,6.942,3.0,0.051000000000000004,13.781027022747818,13.781027022747818,20.0
423,-1.137,-4.794,3.0,0.051000000000000004,13.82488594078071,13.82488594078071,20.0
424,-11.341,6.826,3.0,0.051000000000000004,13.827048212975045,13.827048212975045,20.0
425,-0.109,-3.036,3.0,0.051000000000000004,13.844073165582289,13.844073165582289,20.0
426,-2.203,-21.238,3.0,0.051000000000000004,13.847805654869276,13.847805654869276,20.0
427,-1.896,-21.516,3.0,0.051000000000000004,13.858127007110145,13.858127007110145,20.0
428,-0.161,-0.831,3.0,0.051000000000000004,13.870953787164071,13.870953787164071,20.0
429,-5.285,-0.187,3.0,0.051000000000000004,13.871340369633389,13.871340369633389,20.0
430,-0.964,-3.105,3.0,0.051000000000000004,13.888645367289456,13.888645367289456,20.0
431,2.869,-2.265,3.0,0.051000000000000004,13.894021306154844,13.894021306154844,20.0
432,-1.422,-5.435,3.0,0.051000000000000004,13.907519866506018,13.907519866506018,20.0
433,-11.949,10.282,3.0,0.051000000000000004,13.911215659147091,13.911215659147091,20.0
434,-2.063,0.236,3.0,0.051000000000000004,13.922090298033133,13.922090298033133,20.0
435,-15.21,9.658,3.0,0.051000000000000004,13.928167237615678,13.928167237615678,20.0
436,2.231,-0.261,3.0,0.051000000000000004,13.951583000643708,13.951583000643708,20.0
437,-6.308,7.497,3.0,0.051000000000000004,13.963481732350441,13.963481732350441,20.0
438,-12.787,10.971,3.0,0.051000000000000004,13.978173632027664,13.978173632027664,20.0
439,-15.951,13.393,3.0,0.051000000000000004,13.98998506105976,13.98998506105976,20.0
440,-11.458,13.083,3.0,0.051000000000000004,14.005187473283113,14.005187473283113,20.0
441,-10.023,10.475,3.0,0.051000000000000004,14.031762001873368,14.031762001873368,20.0
442,-14.905,-0.015,3.0,0.051000000000000004,14.053146273958767,14.053146273958767,20.0
443,-1.173,-19.172,3.0,0.051000000000000004,14.09319041761331,14.09319041761331,20.0
444,-7.327,9.843,3.0,0.051000000000000004,14.104877262646287,14.104877262646287,20.0
445,-15.528,13.59,3.0,0.051000000000000004,14.116806282318525,14.116806282318525,20.0
446,4.859,3.137,3.0,0.051000000000000004,14.125398607452343,14.125398607452343,20.0
447,-1.994,-11.485,3.0,0.051000000000000004,14.126940679320462,14.126940679320462,20.0
448,-16.908,15.058,3.0,0.051000000000000004,14.1661464276957,14.1661464276957,20.0
449,-11.595,14.365,3.0,0.051000000000000004,14.173008546966567,14.173008546966567,20.0
450,-13.841,10.577,3.0,0.051000000000000004,14.206779232364047,14.206779232364047,20.0
451,-8.384,-0.105,3.0,0.051000000000000004,14.208994343007964,14.208994343007964,20.0
452,-11.356,8.017,3.0,0.051000000000000004,14.234428435772548,14.234428435772548,20.0
453,-2.556,-21.691,3.0,0.051000000000000004,14.245351335591089,14.245351335591089,20.0
454,-2.689,-20.334,3.0,0.051000000000000004,14.251354931828947,14.251354931828947,20.0
455,-15.375,14.546,3.0,0.051000000000000004,14.26589182999545,14.26589182999545,20.0
456,-1.122,-3.568,3.0,0.051000000000000004,14.33166412746684,14.33166412746684,20.0
457,-2.984,-0.878,3.0,0.051000000000000004,14.359660979273784,14.359660979273784,20.0
458,-8.965,15.897,3.0,0.051000000000000004,14.37675960473794,14.37675960473794,20.0
459,-1.541,-20.852,3.0,0.051000000000000004,14.385985995427912,14.385985995427912,20.0
460,-0.5,-2.377,3.0,0.051000000000000004,14.401907241688738,14.401907241688738,20.0
461,-8.958,-5.535,3.0,0.051000000000000004,14.406710011660294,14.406710011660294,20.0
462,-0.832,2.798,3.0,0.051000000000000004,14.46076785802958,14.46076785802958,20.0
463,-16.489,16.659,3.0,0.051000000000000004,14.465295593286315,14.465295593286315,20.0
464,-6.887,16.589,3.0,0.051000000000000004,14.515728833872258,14.515728833872258,20.0
465,-20.276,10.171,3.0,0.051000000000000004,14.517028037649316,14.517028037649316,20.0
466,-7.75,0.594,3.0,0.051000000000000004,14.549618545887057,14.549618545887057,20.0
467,-8.879,12.671,3.0,0.051000000000000004,14.559161936082957,14.559161936082957,20.0
468,-5.304,-2.038,3.0,0.051000000000000004,14.561414825955119,14.561414825955119,20.0
469,-1.218,-3.377,3.0,0.051000000000000004,14.619504194470549,14.619504194470549,20.0
470,-2.942,-0.639,3.0,0.051000000000000004,14.619631370524644,14.619631370524644,20.0
471,-2.218,-22.963,3.0,0.051000000000000004,14.632343610445735,14.632343610445735,20.0
472,-13.961,14.393,3.0,0.051000000000000004,14.636281283554451,14.636281283554451,20.0
473,0.734,-17.289,3.0,0.051000000000000004,14.657105930642787,14.657105930642787,20.0
474,-3.476,-1.77,3.0,0.051000000000000004,14.670892413767056,14.670892413767056,20.0
475,-2.057,-6.635,3.0,0.051000000000000004,14.677546240688155,14.677546240688155,20.0
476,-10.275,11.744,3.0,0.051000000000000004,14.688318348749005,14.688318348749005,20.0
477,-11.545,11.405,3.0,0.051000000000000004,14.870557464319761,14.870557464319761,20.0
478,2.453,1.708,3.0,0.051000000000000004,14.87503522306108,14.87503522306108,20.0
479,-2.136,-7.461,3.0,0.051000000000000004,14.882408182381209,14.882408182381209,20.0
480,-2.138,-5.642,3.0,0.051000000000000004,14.906697907933552,14.906697907933552,20.0
481,-15.944,16.913,3.0,0.051000000000000004,14.908133853530806,14.908133853530806,20.0
482,2.17,-0.796,3.0,0.051000000000000004,14.912047936044804,14.912047936044804,20.0
483,-0.668,0.577,3.0,0.051000000000000004,14.912774713463435,14.912774713463435,20.0
484,0.292,-3.738,3.0,0.051000000000000004,14.966242426249526,14.966242426249526,20.0
485,-1.811,-2.481,3.0,0.051000000000000004,14.969536156045747,14.969536156045747,20.0
486,2.152,6.112,3.0,0.051000000000000004,14.973360485111552,14.973360485111552,20.0
487,-19.906,11.672,3.0,0.051000000000000004,14.973650235169968,14.973650235169968,20.0
488,0.383,-3.158,3.0,0.051000000000000004,15.0087361724811,15.0087361724811,20.0
489,-0.959,-2.274,3.0,0.051000000000000004,15.028586024873917,15.028586024873917,20.0
490,-12.057,-5.808,3.0,0.051000000000000004,15.039701852936846,15.039701852936846,20.0
491,-3.265,-2.827,3.0,0.051000000000000004,15.040440650364134,15.040440650364134,20.0
492,3.727,3.219,3.0,0.051000000000000004,15.054810743130105,15.054810743130105,20.0
493,0.746,3.629,3.0,0.051000000000000004,15.074457449785646,15.074457449785646,20.0
494,-6.336,9.405,3.0,0.051000000000000004,15.082526094366461,15.082526094366461,20.0
495,-3.58,-0.255,3.0,0.051000000000000004,15.096849328683628,15.096849328683628,20.0
496,-5.698,11.862,3.0,0.051000000000000004,15.100782661913957,15.100782661913957,20.0
497,-19.899,10.735,3.0,0.051000000000000004,15.133952803800254,15.133952803800254,20.0
498,-18.695,12.223,3.0,0.051000000000000004,15.148580135077491,15.148580135077491,20.0
499,-17.978,10.656,3.0,0.051000000000000004,15.17019272630442,15.17019272630442,20.0
500,-7.757,11.582,3.0,0.051000000000000004,15.17337881998436,15.17337881998436,20.0
501,-0.754,-8.244,3.0,0.051000000000000004,15.18031628794958,15.18031628794958,20.0
502,-1.184,-2.023,3.0,0.051000000000000004,15.192379689990029,15.192379689990029,20.0
503,-11.333,13.788,3.0,0.051000000000000004,15.20023291329296,15.20023291329296,20.0
504,-11.261,9.525,3.0,0.051000000000000004,15.214306213602496,15.214306213602496,20.0
505,-2.957,-19.832,3.0,0.051000000000000004,15.230264369250099,15.230264369250099,20.0
506,-13.701,10.056,3.0,0.051000000000000004,15.292412077541314,15.292412077541314,20.0
507,-5.818,15.74,3.0,0.051000000000000004,15.29346824714126,15.29346824714126,20.0
508,-9.869,7.377,3.0,0.051000000000000004,15.293913361730262,15.293913361730262,20.0
509,-0.376,-1.957,3.0,0.051000000000000004,15.312458337859843,15.312458337859843,20.0
510,-1.228,-18.045,3.0,0.051000000000000004,15.317734461033172,15.317734461033172,20.0
511,-0.28,-8.005,3.0,0.051000000000000004,15.335295159495697,15.335295159495697,20.0
512,-19.406,10.868,3.0,0.051000000000000004,15.352108631291697,15.352108631291697,20.0
513,-8.357,16.1,3.0,0.051000000000000004,15.35864670602846,15.35864670602846,20.0
514,-2.305,-2.026,3.0,0.051000000000000004,15.359127976175493,15.359127976175493,20.0
515,-13.142,12.873,3.0,0.051000000000000004,15.362531554823883,15.362531554823883,20.0
516,0.236,1.593,3.0,0.051000000000000004,15.3782546702424,15.3782546702424,20.0
517,-9.588,14.535,3.0,0.051000000000000004,15.40002324823018,15.40002324823018,20.0
518,-0.993,1.696,3.0,0.051000000000000004,15.415294360815786,15.415294360815786,20.0
519,-11.631,10.132,3.0,0.051000000000000004,15.424819129644021,15.424819129644021,20.0
520,-11.998,12.314,3.0,0.051000000000000004,15.43838011459442,15.43838011459442,20.0
521,0.301,-1.693,3.0,0.051000000000000004,15.470482405161057,15.470482405161057,20.0
522,-13.891,16.376,3.0,0.051000000000000004,15.481711267091494,15.481711267091494,20.0
523,-0.854,0.736,3.0,0.051000000000000004,15.487004912124215,15.487004912124215,20.0
524,-12.837,0.148,3.0,0.051000000000000004,15.503578627377204,15.503578627377204,20.0
525,-7.173,-5.492,3.0,0.051000000000000004,15.521689683705176,15.521689683705176,20.0
526,-0.055,-7.559,3.0,0.051000000000000004,15.579529442740228,15.579529442740228,20.0
527,-8.179,11.144,3.0,0.051000000000000004,15.605530082397589,15.605530082397589,20.0
528,-19.761,7.87,3.0,0.051000000000000004,15.61247489127804,15.61247489127804,20.0
529,-16.54,1.191,3.0,0.051000000000000004,15.679673933551449,15.679673933551449,20.0
530,-10.748,17.492,3.0,0.051000000000000004,15.688616332347301,15.688616332347301,20.0
531,-16.294,12.89,3.0,0.051000000000000004,15.68985741696999,15.68985741696999,20.0
532,-11.005,9.718,3.0,0.051000000000000004,15.693941507321634,15.693941507321634,20.0
533,4.809,1.688,3.0,0.051000000000000004,15.741711851671354,15.741711851671354,20.0
534,-0.211,-3.634,3.0,0.051000000000000004,15.745329733211921,15.745329733211921,20.0
535,-9.897,11.24,3.0,0.051000000000000004,15.75129188499165,15.75129188499165,20.0
536,-2.304,15.358,3.0,0.051000000000000004,15.807769922903496,15.807769922903496,20.0
537,-10.721,-5.672,3.0,0.051000000000000004,15.81701808944817,15.81701808944817,20.0
538,-8.948,-0.605,3.0,0.051000000000000004,15.830546106896296,15.830546106896296,20.0
539,-11.053,13.611,3.0,0.051000000000000004,15.890618924432411,15.890618924432411,20.0
540,-12.013,14.347,3.0,0.051000000000000004,15.925499512811783,15.925499512811783,20.0
541,-16.406,8.834,3.0,0.051000000000000004,15.939800929477238,15.939800929477238,20.0
542,1.42,4.409,3.0,0.051000000000000004,15.976243625531463,15.976243625531463,20.0
543,-7.206,10.985,3.0,0.051000000000000004,15.994310130544475,15.994310130544475,20.0
544,-1.545,-3.957,3.0,0.051000000000000004,16.03834448511906,16.03834448511906,20.0
545,-20.295,11.765,3.0,0.051000000000000004,16.03970774636342,16.03970774636342,20.0
546,-2.85,-17.661,3.0,0.051000000000000004,16.04192057160285,16.04192057160285,20.0
547,-6.557,11.971,3.0,0.051000000000000004,16.061350397626057,16.061350397626057,20.0
548,-21.126,14.257,3.0,0.051000000000000004,16.061983482073106,16.061983482073106,20.0
549,-19.448,12.705,3.0,0.051000000000000004,16.064307082582495,16.064307082582495,20.0
550,-3.445,3.361,3.0,0.051000000000000004,16.065652255736357,16.065652255736357,20.0
551,-9.569,16.127,3.0,0.051000000000000004,16.06822729288614,16.06822729288614,20.0
552,-2.407,2.243,3.0,0.051000000000000004,16.074851179313068,16.074851179313068,20.0
553,-3.846,-0.55,3.0,0.051000000000000004,16.11009046983799,16.11009046983799,20.0
554,-5.761,-0.516,3.0,0.051000000000000004,16.111710985762564,16.111710985762564,20.0
555,-9.283,16.185,3.0,0.051000000000000004,16.11284119499463,16.11284119499463,20.0
556,-11.694,17.128,3.0,0.051000000000000004,16.117315797129777,16.117315797129777,20.0
557,-3.458,1.769,3.0,0.051000000000000004,16.126384900619918,16.126384900619918,20.0
558,-7.638,12.357,3.0,0.051000000000000004,16.155226528835808,16.155226528835808,20.0
559,-14.701,7.85,3.0,0.051000000000000004,16.174963806289774,16.174963806289774,20.0
560,-0.511,-18.039,3.0,0.051000000000000004,16.1828907206181,16.1828907206181,20.0
561,-10.97,8.883,3.0,0.051000000000000004,16.19905261351252,16.19905261351252,20.0
562,-10.024,14.248,3.0,0.051000000000000004,16.218617992006465,16.218617992006465,20.0
563,-5.097,1.873,3.0,0.051000000000000004,16.22567335990198,16.22567335990198,20.0
564,2.653,-0.224,3.0,0.051000000000000004,16.247900964360085,16.247900964360085,20.0
565,-9.821,13.219,3.0,0.051000000000000004,16.260869546412223,16.260869546412223,20.0
566,-0.089,-7.259,3.0,0.051000000000000004,16.270047275254818,16.270047275254818,20.0
567,-20.798,9.659,3.0,0.051000000000000004,16.296722167915814,16.296722167915814,20.0
568,-9.613,14.199,3.0,0.051000000000000004,16.332392584705325,16.332392584705325,20.0
569,-18.162,14.25,3.0,0.051000000000000004,16.333836947309173,16.333836947309173,20.0
570,-3.652,14.743,3.0,0.051000000000000004,16.33438361542127,16.33438361542127,20.0
571,-12.478,12.26,3.0,0.051000000000000004,16.338923739730674,16.338923739730674,20.0
572,-3.962,-5.008,3.0,0.051000000000000004,16.340819347747207,16.340819347747207,20.0
573,-20.869,8.34,3.0,0.051000000000000004,16.356513783052694,16.356513783052694,20.0
574,-14.745,9.0,3.0,0.051000000000000004,16.360172267702033,16.360172267702033,20.0
575,-2.334,-4.677,3.0,0.051000000000000004,16.36171014100357,16.36171014100357,20.0
576,-10.736,18.417,3.0,0.051000000000000004,16.372094462234617,16.372094462234617,20.0
577,-1.865,0.334,3.0,0.051000000000000004,16.376285664274178,16.376285664274178,20.0
578,-0.339,-2.197,3.0,0.051000000000000004,16.411735578717376,16.411735578717376,20.0
579,-10.732,17.988,3.0,0.051000000000000004,16.412709931664345,16.412709931664345,20.0
580,1.372,0.519,3.0,0.051000000000000004,16.415484591313003,16.415484591313003,20.0
581,-2.221,2.065,3.0,0.051000000000000004,16.419259668585326,16.419259668585326,20.0
582,-22.769,10.958,3.0,0.051000000000000004,16.42601642620393,16.42601642620393,20.0
583,-9.144,9.198,3.0,0.051000000000000004,16.43802570941589,16.43802570941589,20.0
584,-1.841,-0.077,3.0,0.051000000000000004,16.46609865557796,16.46609865557796,20.0
585,-5.42,-2.74,3.0,0.051000000000000004,16.484078372766298,16.484078372766298,20.0
586,-11.728,12.073,3.0,0.051000000000000004,16.49575344815331,16.49575344815331,20.0
587,-2.188,-22.297,3.0,0.051000000000000004,16.540220318791583,16.540220318791583,20.0
588,-11.658,12.415,3.0,0.051000000000000004,16.56513302676484,16.56513302676484,20.0
589,-9.017,13.62,3.0,0.051000000000000004,16.566459069248147,16.566459069248147,20.0
590,2.695,0.665,3.0,0.051000000000000004,16.60711057093073,16.60711057093073,20.0
591,-12.104,12.654,3.0,0.051000000000000004,16.619665100453584,16.619665100453584,20.0
592,2.739,5.393,3.0,0.051000000000000004,16.625235396214997,16.625235396214997,20.0
593,0.935,-6.988,3.0,0.051000000000000004,16.63311723222187,16.63311723222187,20.0
594,-3.129,-6.808,3.0,0.051000000000000004,16.64315165072916,16.64315165072916,20.0
595,1.435,5.478,3.0,0.051000000000000004,16.652690292550844,16.652690292550844,20.0
596,-13.131,0.527,3.0,0.051000000000000004,16.653045079192367,16.653045079192367,20.0
597,2.15,-1.309,3.0,0.051000000000000004,16.665937524143043,16.665937524143043,20.0
598,-9.735,18.681,3.0,0.051000000000000004,16.68743575803431,16.68743575803431,20.0
599,-12.504,10.743,3.0,0.051000000000000004,16.690693368659463,16.690693368659463,20.0
600,-3.246,-5.587,3.0,0.051000000000000004,16.706617286540823,16.706617286540823,20.0
601,-8.472,11.265,3.0,0.051000000000000004,16.717629062404967,16.717629062404967,20.0
602,-2.044,-2.922,3.0,0.051000000000000004,16.7180703007254,16.7180703007254,20.0
603,-21.865,9.392,3.0,0.051000000000000004,16.729738378082978,16.729738378082978,20.0
604,-18.864,8.994,3.0,0.051000000000000004,16.742461009703906,16.742461009703906,20.0
605,-1.307,-5.151,3.0,0.051000000000000004,16.765159437299914,16.765159437299914,20.0
606,-15.581,13.319,3.0,0.051000000000000004,16.771520562474322,16.771520562474322,20.0
607,-11.438,12.532,3.0,0.051000000000000004,16.77428588873169,16.77428588873169,20.0
608,-9.199,12.24,3.0,0.051000000000000004,16.77929161423139,16.77929161423139,20.0
609,-1.82,-1.65,3.0,0.051000000000000004,16.779756961053963,16.779756961053963,20.0
610,0.778,-3.601,3.0,0.051000000000000004,16.781052211046593,16.781052211046593,20.0
611,-16.411,6.209,3.0,0.051000000000000004,16.782575817513216,16.782575817513216,20.0
612,-11.878,15.396,3.0,0.051000000000000004,16.793637221863357,16.793637221863357,20.0
613,-10.969,1.23,3.0,0.051000000000000004,16.802997996059126,16.802997996059126,20.0
614,2.969,0.025,3.0,0.051000000000000004,16.82850598885262,16.82850598885262,20.0
615,-9.921,18.221,3.0,0.051000000000000004,16.838897330367843,16.838897330367843,20.0
616,-9.51,15.062,3.0,0.051000000000000004,16.84126513428032,16.84126513428032,20.0
617,-10.381,6.567,3.0,0.051000000000000004,16.862116740416035,16.862116740416035,20.0
618,-2.288,-3.947,3.0,0.051000000000000004,16.897032557350634,16.897032557350634,20.0
619,-2.667,-4.292,3.0,0.051000000000000004,16.917105330767136,16.917105330767136,20.0
620,-1.34,-3.241,3.0,0.051000000000000004,16.922194241355385,16.922194241355385,20.0
621,-8.779,13.921,3.0,0.051000000000000004,16.94828266873052,16.94828266873052,20.0
622,-14.284,9.751,3.0,0.051000000000000004,16.975228469050812,16.975228469050812,20.0
